0.000000000000000000e+00 1.366689000000000043e+01 1.365700000000000003e+01 8.264654280000000020e-01
1.000000000000000056e-01 1.237024000000000079e+01 1.365700000000000003e+01 7.864227889999999555e-01
2.000000000000000111e-01 1.123991999999999969e+01 1.365700000000000003e+01 7.479290960000000155e-01
2.999999999999999889e-01 1.025085999999999942e+01 1.365700000000000003e+01 7.112963799999999503e-01
4.000000000000000222e-01 9.382383000000000806e+00 1.365700000000000003e+01 6.767043470000000394e-01
5.000000000000000000e-01 8.617226999999999748e+00 1.365700000000000003e+01 6.442279819999999768e-01
5.999999999999999778e-01 7.940865999999999758e+00 1.365700000000000003e+01 6.138643620000000523e-01
6.999999999999999556e-01 7.341009999999999813e+00 1.365700000000000003e+01 5.855560899999999735e-01
8.000000000000000444e-01 6.807224999999999859e+00 1.365700000000000003e+01 5.592102410000000523e-01
9.000000000000000222e-01 6.330644999999999634e+00 1.365700000000000003e+01 5.347130300000000336e-01
