    0.10000E-03    0.21197E+03
    0.10202E-03    0.21612E+03
    0.10408E-03    0.22036E+03
    0.10618E-03    0.22469E+03
    0.10833E-03    0.22910E+03
    0.11052E-03    0.23359E+03
    0.11275E-03    0.23817E+03
    0.11503E-03    0.24284E+03
    0.11735E-03    0.24761E+03
    0.11972E-03    0.25246E+03
    0.12214E-03    0.25742E+03
    0.12461E-03    0.26247E+03
    0.12712E-03    0.26761E+03
    0.12969E-03    0.27286E+03
    0.13231E-03    0.27821E+03
    0.13499E-03    0.28367E+03
    0.13771E-03    0.28923E+03
    0.14049E-03    0.29490E+03
    0.14333E-03    0.30069E+03
    0.14623E-03    0.30658E+03
    0.14918E-03    0.31260E+03
    0.15220E-03    0.31872E+03
    0.15527E-03    0.32497E+03
    0.15841E-03    0.33134E+03
    0.16161E-03    0.33784E+03
    0.16487E-03    0.34446E+03
    0.16820E-03    0.35121E+03
    0.17160E-03    0.35810E+03
    0.17507E-03    0.36512E+03
    0.17860E-03    0.37227E+03
    0.18221E-03    0.37957E+03
    0.18589E-03    0.38700E+03
    0.18965E-03    0.39459E+03
    0.19348E-03    0.40232E+03
    0.19739E-03    0.41020E+03
    0.20138E-03    0.41823E+03
    0.20544E-03    0.42643E+03
    0.20959E-03    0.43478E+03
    0.21383E-03    0.44329E+03
    0.21815E-03    0.45197E+03
    0.22255E-03    0.46082E+03
    0.22705E-03    0.46985E+03
    0.23164E-03    0.47904E+03
    0.23632E-03    0.48842E+03
    0.24109E-03    0.49798E+03
    0.24596E-03    0.50772E+03
    0.25093E-03    0.51766E+03
    0.25600E-03    0.52779E+03
    0.26117E-03    0.53811E+03
    0.26645E-03    0.54864E+03
    0.27183E-03    0.55936E+03
    0.27732E-03    0.57030E+03
    0.28292E-03    0.58145E+03
    0.28864E-03    0.59282E+03
    0.29447E-03    0.60440E+03
    0.30042E-03    0.61621E+03
    0.30649E-03    0.62825E+03
    0.31268E-03    0.64052E+03
    0.31899E-03    0.65303E+03
    0.32544E-03    0.66578E+03
    0.33201E-03    0.67878E+03
    0.33872E-03    0.69203E+03
    0.34556E-03    0.70553E+03
    0.35254E-03    0.71930E+03
    0.35966E-03    0.73332E+03
    0.36693E-03    0.74763E+03
    0.37434E-03    0.76220E+03
    0.38190E-03    0.77705E+03
    0.38962E-03    0.79219E+03
    0.39749E-03    0.80762E+03
    0.40552E-03    0.82335E+03
    0.41371E-03    0.83937E+03
    0.42207E-03    0.85571E+03
    0.43060E-03    0.87235E+03
    0.43929E-03    0.88932E+03
    0.44817E-03    0.90661E+03
    0.45722E-03    0.92422E+03
    0.46646E-03    0.94217E+03
    0.47588E-03    0.96047E+03
    0.48550E-03    0.97911E+03
    0.49530E-03    0.99810E+03
    0.50531E-03    0.10175E+04
    0.51552E-03    0.10372E+04
    0.52593E-03    0.10573E+04
    0.53656E-03    0.10778E+04
    0.54739E-03    0.10986E+04
    0.55845E-03    0.11199E+04
    0.56973E-03    0.11415E+04
    0.58124E-03    0.11636E+04
    0.59299E-03    0.11861E+04
    0.60496E-03    0.12089E+04
    0.61719E-03    0.12323E+04
    0.62965E-03    0.12560E+04
    0.64237E-03    0.12802E+04
    0.65535E-03    0.13049E+04
    0.66859E-03    0.13300E+04
    0.68210E-03    0.13555E+04
    0.69588E-03    0.13816E+04
    0.70993E-03    0.14081E+04
    0.72427E-03    0.14351E+04
    0.73891E-03    0.14626E+04
    0.75383E-03    0.14907E+04
    0.76906E-03    0.15192E+04
    0.78460E-03    0.15482E+04
    0.80045E-03    0.15778E+04
    0.81662E-03    0.16079E+04
    0.83311E-03    0.16386E+04
    0.84994E-03    0.16698E+04
    0.86711E-03    0.17016E+04
    0.88463E-03    0.17339E+04
    0.90250E-03    0.17669E+04
    0.92073E-03    0.18004E+04
    0.93933E-03    0.18345E+04
    0.95831E-03    0.18693E+04
    0.97767E-03    0.19046E+04
    0.99742E-03    0.19406E+04
    0.10176E-02    0.19772E+04
    0.10381E-02    0.20145E+04
    0.10591E-02    0.20524E+04
    0.10805E-02    0.20909E+04
    0.11023E-02    0.21302E+04
    0.11246E-02    0.21701E+04
    0.11473E-02    0.22107E+04
    0.11705E-02    0.22520E+04
    0.11941E-02    0.22941E+04
    0.12182E-02    0.23368E+04
    0.12429E-02    0.23803E+04
    0.12680E-02    0.24245E+04
    0.12936E-02    0.24695E+04
    0.13197E-02    0.25152E+04
    0.13464E-02    0.25617E+04
    0.13736E-02    0.26089E+04
    0.14013E-02    0.26570E+04
    0.14296E-02    0.27058E+04
    0.14585E-02    0.27554E+04
    0.14880E-02    0.28059E+04
    0.15180E-02    0.28571E+04
    0.15487E-02    0.29092E+04
    0.15800E-02    0.29622E+04
    0.16119E-02    0.30160E+04
    0.16445E-02    0.30706E+04
    0.16777E-02    0.31261E+04
    0.17116E-02    0.31825E+04
    0.17462E-02    0.32397E+04
    0.17814E-02    0.32978E+04
    0.18174E-02    0.33568E+04
    0.18541E-02    0.34168E+04
    0.18916E-02    0.34776E+04
    0.19298E-02    0.35393E+04
    0.19688E-02    0.36020E+04
    0.20086E-02    0.36656E+04
    0.20491E-02    0.37301E+04
    0.20905E-02    0.37956E+04
    0.21328E-02    0.38620E+04
    0.21758E-02    0.39293E+04
    0.22198E-02    0.39976E+04
    0.22646E-02    0.40669E+04
    0.23104E-02    0.41371E+04
    0.23571E-02    0.42083E+04
    0.24047E-02    0.42804E+04
    0.24533E-02    0.43535E+04
    0.25028E-02    0.44276E+04
    0.25534E-02    0.45026E+04
    0.26050E-02    0.45786E+04
    0.26576E-02    0.46556E+04
    0.27113E-02    0.47335E+04
    0.27660E-02    0.48125E+04
    0.28219E-02    0.48923E+04
    0.28789E-02    0.49732E+04
    0.29371E-02    0.50550E+04
    0.29964E-02    0.51377E+04
    0.30569E-02    0.52214E+04
    0.31187E-02    0.53061E+04
    0.31817E-02    0.53916E+04
    0.32460E-02    0.54781E+04
    0.33115E-02    0.55655E+04
    0.33784E-02    0.56539E+04
    0.34467E-02    0.57431E+04
    0.35163E-02    0.58332E+04
    0.35874E-02    0.59241E+04
    0.36598E-02    0.60160E+04
    0.37338E-02    0.61087E+04
    0.38092E-02    0.62021E+04
    0.38861E-02    0.62965E+04
    0.39646E-02    0.63916E+04
    0.40447E-02    0.64874E+04
    0.41264E-02    0.65841E+04
    0.42098E-02    0.66814E+04
    0.42948E-02    0.67795E+04
    0.43816E-02    0.68782E+04
    0.44701E-02    0.69777E+04
    0.45604E-02    0.70777E+04
    0.46525E-02    0.71780E+04
    0.47465E-02    0.72796E+04
    0.48424E-02    0.73823E+04
    0.49402E-02    0.74808E+04
    0.50400E-02    0.75759E+04
    0.51419E-02    0.76763E+04
    0.52457E-02    0.77806E+04
    0.53517E-02    0.78841E+04
    0.54598E-02    0.79875E+04
    0.55701E-02    0.80915E+04
    0.56826E-02    0.81956E+04
    0.57974E-02    0.82999E+04
    0.59145E-02    0.84042E+04
    0.60340E-02    0.85086E+04
    0.61559E-02    0.86129E+04
    0.62803E-02    0.87172E+04
    0.64072E-02    0.88213E+04
    0.65366E-02    0.89252E+04
    0.66686E-02    0.90289E+04
    0.68033E-02    0.91322E+04
    0.69408E-02    0.92351E+04
    0.70810E-02    0.93376E+04
    0.72240E-02    0.94395E+04
    0.73700E-02    0.95408E+04
    0.75189E-02    0.96414E+04
    0.76708E-02    0.97412E+04
    0.78257E-02    0.98401E+04
    0.79838E-02    0.99381E+04
    0.81451E-02    0.10035E+05
    0.83096E-02    0.10131E+05
    0.84775E-02    0.10225E+05
    0.86488E-02    0.10319E+05
    0.88235E-02    0.10410E+05
    0.90017E-02    0.10501E+05
    0.91836E-02    0.10589E+05
    0.93691E-02    0.10676E+05
    0.95583E-02    0.10761E+05
    0.97514E-02    0.10845E+05
    0.99484E-02    0.10926E+05
    0.10149E-01    0.11005E+05
    0.10354E-01    0.11081E+05
    0.10564E-01    0.11155E+05
    0.10777E-01    0.11227E+05
    0.10995E-01    0.11296E+05
    0.11217E-01    0.11362E+05
    0.11443E-01    0.11425E+05
    0.11675E-01    0.11486E+05
    0.11910E-01    0.11543E+05
    0.12151E-01    0.11597E+05
    0.12397E-01    0.11647E+05
    0.12647E-01    0.11694E+05
    0.12902E-01    0.11737E+05
    0.13163E-01    0.11776E+05
    0.13429E-01    0.11811E+05
    0.13700E-01    0.11842E+05
    0.13977E-01    0.11869E+05
    0.14259E-01    0.11891E+05
    0.14547E-01    0.11909E+05
    0.14841E-01    0.11923E+05
    0.15141E-01    0.11931E+05
    0.15447E-01    0.11935E+05
    0.15759E-01    0.11934E+05
    0.16077E-01    0.11928E+05
    0.16402E-01    0.11916E+05
    0.16734E-01    0.11899E+05
    0.17072E-01    0.11877E+05
    0.17416E-01    0.11849E+05
    0.17768E-01    0.11816E+05
    0.18127E-01    0.11777E+05
    0.18493E-01    0.11733E+05
    0.18867E-01    0.11682E+05
    0.19248E-01    0.11626E+05
    0.19637E-01    0.11565E+05
    0.20034E-01    0.11497E+05
    0.20438E-01    0.11424E+05
    0.20851E-01    0.11344E+05
    0.21272E-01    0.11259E+05
    0.21702E-01    0.11169E+05
    0.22141E-01    0.11073E+05
    0.22588E-01    0.10971E+05
    0.23044E-01    0.10864E+05
    0.23510E-01    0.10751E+05
    0.23985E-01    0.10634E+05
    0.24469E-01    0.10511E+05
    0.24964E-01    0.10384E+05
    0.25468E-01    0.10252E+05
    0.25982E-01    0.10116E+05
    0.26507E-01    0.99757E+04
    0.27043E-01    0.98318E+04
    0.27589E-01    0.96843E+04
    0.28146E-01    0.95338E+04
    0.28715E-01    0.93805E+04
    0.29295E-01    0.92247E+04
    0.29887E-01    0.90670E+04
    0.30490E-01    0.89076E+04
    0.31106E-01    0.87470E+04
    0.31735E-01    0.85857E+04
    0.32376E-01    0.84240E+04
    0.33030E-01    0.82624E+04
    0.33697E-01    0.81014E+04
    0.34378E-01    0.79417E+04
    0.35072E-01    0.77829E+04
    0.35781E-01    0.76248E+04
    0.36504E-01    0.74683E+04
    0.37241E-01    0.73144E+04
    0.37993E-01    0.71636E+04
    0.38761E-01    0.70165E+04
    0.39544E-01    0.68735E+04
    0.40343E-01    0.67349E+04
    0.41158E-01    0.66011E+04
    0.41989E-01    0.64723E+04
    0.42838E-01    0.63487E+04
    0.43703E-01    0.62304E+04
    0.44586E-01    0.61174E+04
    0.45486E-01    0.60096E+04
    0.46405E-01    0.59070E+04
    0.47343E-01    0.58092E+04
    0.48299E-01    0.57161E+04
    0.49275E-01    0.56274E+04
    0.50270E-01    0.55427E+04
    0.51286E-01    0.54613E+04
    0.52322E-01    0.53838E+04
    0.53379E-01    0.53099E+04
    0.54457E-01    0.52381E+04
    0.55557E-01    0.51687E+04
    0.56680E-01    0.51040E+04
    0.57825E-01    0.50418E+04
    0.58993E-01    0.49778E+04
    0.60184E-01    0.49106E+04
    0.61400E-01    0.48414E+04
    0.62641E-01    0.47706E+04
    0.63906E-01    0.46970E+04
    0.65197E-01    0.46197E+04
    0.66514E-01    0.45382E+04
    0.67858E-01    0.44520E+04
    0.69229E-01    0.43608E+04
    0.70627E-01    0.42643E+04
    0.72054E-01    0.41626E+04
    0.73510E-01    0.40559E+04
    0.74994E-01    0.39447E+04
    0.76509E-01    0.38294E+04
    0.78055E-01    0.37109E+04
    0.79632E-01    0.35901E+04
    0.81241E-01    0.34681E+04
    0.82882E-01    0.33459E+04
    0.84556E-01    0.32248E+04
    0.86264E-01    0.31059E+04
    0.88007E-01    0.29905E+04
    0.89785E-01    0.28797E+04
    0.91598E-01    0.27746E+04
    0.93449E-01    0.26760E+04
    0.95337E-01    0.25849E+04
    0.97263E-01    0.25016E+04
    0.99227E-01    0.24264E+04
    0.10123E+00    0.23592E+04
    0.10328E+00    0.22998E+04
    0.10536E+00    0.22474E+04
    0.10749E+00    0.22014E+04
    0.10966E+00    0.21606E+04
    0.11188E+00    0.21239E+04
    0.11414E+00    0.20899E+04
    0.11644E+00    0.20569E+04
    0.11880E+00    0.20234E+04
    0.12120E+00    0.19876E+04
    0.12365E+00    0.19479E+04
    0.12614E+00    0.19033E+04
    0.12869E+00    0.18532E+04
    0.13129E+00    0.17977E+04
    0.13394E+00    0.17376E+04
    0.13665E+00    0.16742E+04
    0.13941E+00    0.16089E+04
    0.14223E+00    0.15431E+04
    0.14510E+00    0.14784E+04
    0.14803E+00    0.14162E+04
    0.15102E+00    0.13580E+04
    0.15407E+00    0.13052E+04
    0.15718E+00    0.12587E+04
    0.16036E+00    0.12189E+04
    0.16360E+00    0.11855E+04
    0.16690E+00    0.11574E+04
    0.17028E+00    0.11331E+04
    0.17371E+00    0.11110E+04
    0.17722E+00    0.10897E+04
    0.18080E+00    0.10675E+04
    0.18446E+00    0.10433E+04
    0.18818E+00    0.10159E+04
    0.19198E+00    0.98513E+03
    0.19586E+00    0.95128E+03
    0.19982E+00    0.91545E+03
    0.20386E+00    0.87910E+03
    0.20797E+00    0.84371E+03
    0.21218E+00    0.81059E+03
    0.21646E+00    0.78087E+03
    0.22083E+00    0.75507E+03
    0.22530E+00    0.73325E+03
    0.22985E+00    0.71465E+03
    0.23449E+00    0.69801E+03
    0.23923E+00    0.68208E+03
    0.24406E+00    0.66568E+03
    0.24899E+00    0.64803E+03
    0.25402E+00    0.62869E+03
    0.25915E+00    0.60794E+03
    0.26439E+00    0.58647E+03
    0.26973E+00    0.56531E+03
    0.27518E+00    0.54554E+03
    0.28074E+00    0.52767E+03
    0.28641E+00    0.51193E+03
    0.29219E+00    0.49796E+03
    0.29810E+00    0.48522E+03
    0.30412E+00    0.47290E+03
    0.31026E+00    0.46024E+03
    0.31653E+00    0.44699E+03
    0.32292E+00    0.43318E+03
    0.32945E+00    0.41934E+03
    0.33610E+00    0.40600E+03
    0.34289E+00    0.39358E+03
    0.34982E+00    0.38228E+03
    0.35689E+00    0.37188E+03
    0.36409E+00    0.36208E+03
    0.37145E+00    0.35244E+03
    0.37895E+00    0.34268E+03
    0.38661E+00    0.33286E+03
    0.39442E+00    0.32313E+03
    0.40239E+00    0.31380E+03
    0.41052E+00    0.30505E+03
    0.41881E+00    0.29684E+03
    0.42727E+00    0.28903E+03
    0.43590E+00    0.28141E+03
    0.44471E+00    0.27386E+03
    0.45369E+00    0.26644E+03
    0.46286E+00    0.25921E+03
    0.47221E+00    0.25229E+03
    0.48174E+00    0.24571E+03
    0.49148E+00    0.23938E+03
    0.50141E+00    0.23324E+03
    0.51153E+00    0.22724E+03
    0.52187E+00    0.22137E+03
    0.53241E+00    0.21571E+03
    0.54317E+00    0.21025E+03
    0.55414E+00    0.20499E+03
    0.56533E+00    0.19989E+03
    0.57675E+00    0.19493E+03
    0.58840E+00    0.19010E+03
    0.60029E+00    0.18543E+03
    0.61242E+00    0.18091E+03
    0.62479E+00    0.17653E+03
    0.63741E+00    0.17227E+03
    0.65029E+00    0.16814E+03
    0.66342E+00    0.16413E+03
    0.67683E+00    0.16023E+03
    0.69050E+00    0.15644E+03
    0.70445E+00    0.15276E+03
    0.71868E+00    0.14918E+03
    0.73320E+00    0.14570E+03
    0.74801E+00    0.14232E+03
    0.76312E+00    0.13902E+03
    0.77854E+00    0.13582E+03
    0.79426E+00    0.13270E+03
    0.81031E+00    0.12966E+03
    0.82668E+00    0.12671E+03
    0.84338E+00    0.12382E+03
    0.86041E+00    0.12101E+03
    0.87780E+00    0.11828E+03
    0.89553E+00    0.11560E+03
    0.91362E+00    0.11300E+03
    0.93208E+00    0.11046E+03
    0.95091E+00    0.10797E+03
    0.97011E+00    0.10555E+03
    0.98971E+00    0.10318E+03
    0.10097E+01    0.10087E+03
    0.10301E+01    0.98607E+02
    0.10509E+01    0.96397E+02
    0.10721E+01    0.94236E+02
    0.10938E+01    0.92123E+02
    0.11159E+01    0.90055E+02
    0.11384E+01    0.88031E+02
    0.11614E+01    0.86051E+02
    0.11849E+01    0.84112E+02
    0.12088E+01    0.82214E+02
    0.12333E+01    0.80355E+02
    0.12582E+01    0.78533E+02
    0.12836E+01    0.76749E+02
    0.13095E+01    0.75000E+02
    0.13360E+01    0.73286E+02
    0.13630E+01    0.71607E+02
    0.13905E+01    0.69960E+02
    0.14186E+01    0.68345E+02
    0.14472E+01    0.66761E+02
    0.14765E+01    0.65208E+02
    0.15063E+01    0.63685E+02
    0.15367E+01    0.62191E+02
    0.15678E+01    0.60725E+02
    0.15994E+01    0.59287E+02
    0.16318E+01    0.57876E+02
    0.16647E+01    0.56491E+02
    0.16984E+01    0.55133E+02
    0.17327E+01    0.53800E+02
    0.17677E+01    0.52492E+02
    0.18034E+01    0.51209E+02
    0.18398E+01    0.49950E+02
    0.18770E+01    0.48714E+02
    0.19149E+01    0.47502E+02
    0.19536E+01    0.46312E+02
    0.19930E+01    0.45145E+02
    0.20333E+01    0.44000E+02
    0.20744E+01    0.42877E+02
    0.21163E+01    0.41776E+02
    0.21590E+01    0.40695E+02
    0.22026E+01    0.39635E+02
    0.22471E+01    0.38596E+02
    0.22925E+01    0.37577E+02
    0.23388E+01    0.36578E+02
    0.23861E+01    0.35599E+02
    0.24343E+01    0.34639E+02
    0.24835E+01    0.33698E+02
    0.25336E+01    0.32777E+02
    0.25848E+01    0.31873E+02
    0.26370E+01    0.30989E+02
    0.26903E+01    0.30122E+02
    0.27447E+01    0.29274E+02
    0.28001E+01    0.28443E+02
    0.28567E+01    0.27630E+02
    0.29144E+01    0.26834E+02
    0.29733E+01    0.26056E+02
    0.30333E+01    0.25294E+02
    0.30946E+01    0.24549E+02
    0.31571E+01    0.23820E+02
    0.32209E+01    0.23108E+02
    0.32860E+01    0.22412E+02
    0.33523E+01    0.21732E+02
    0.34201E+01    0.21067E+02
    0.34892E+01    0.20418E+02
    0.35596E+01    0.19785E+02
    0.36316E+01    0.19166E+02
    0.37049E+01    0.18562E+02
    0.37798E+01    0.17973E+02
    0.38561E+01    0.17399E+02
    0.39340E+01    0.16838E+02
    0.40135E+01    0.16292E+02
    0.40946E+01    0.15760E+02
    0.41773E+01    0.15242E+02
    0.42617E+01    0.14737E+02
    0.43478E+01    0.14245E+02
    0.44356E+01    0.13767E+02
    0.45252E+01    0.13301E+02
    0.46166E+01    0.12848E+02
    0.47099E+01    0.12408E+02
    0.48050E+01    0.11980E+02
    0.49021E+01    0.11564E+02
    0.50011E+01    0.11160E+02
    0.51021E+01    0.10767E+02
    0.52052E+01    0.10386E+02
    0.53104E+01    0.10016E+02
    0.54176E+01    0.96572E+01
    0.55271E+01    0.93091E+01
    0.56387E+01    0.89716E+01
    0.57526E+01    0.86444E+01
    0.58689E+01    0.83274E+01
    0.59874E+01    0.80203E+01
    0.61084E+01    0.77229E+01
    0.62318E+01    0.74350E+01
    0.63577E+01    0.71564E+01
    0.64861E+01    0.68868E+01
    0.66171E+01    0.66261E+01
    0.67508E+01    0.63740E+01
    0.68872E+01    0.61303E+01
    0.70263E+01    0.58948E+01
    0.71682E+01    0.56673E+01
    0.73130E+01    0.54475E+01
    0.74608E+01    0.52353E+01
    0.76115E+01    0.50305E+01
    0.77653E+01    0.48329E+01
    0.79221E+01    0.46422E+01
    0.80822E+01    0.44583E+01
    0.82454E+01    0.42809E+01
    0.84120E+01    0.41099E+01
    0.85819E+01    0.39451E+01
    0.87553E+01    0.37863E+01
    0.89322E+01    0.36334E+01
    0.91126E+01    0.34861E+01
    0.92967E+01    0.33442E+01
    0.94845E+01    0.32076E+01
    0.96761E+01    0.30762E+01
    0.98716E+01    0.29498E+01
    0.10071E+02    0.28281E+01
    0.10274E+02    0.27111E+01
    0.10482E+02    0.25987E+01
    0.10694E+02    0.24905E+01
    0.10910E+02    0.23866E+01
    0.11130E+02    0.22867E+01
    0.11355E+02    0.21908E+01
    0.11584E+02    0.20986E+01
    0.11818E+02    0.20100E+01
    0.12057E+02    0.19250E+01
    0.12301E+02    0.18434E+01
    0.12549E+02    0.17650E+01
    0.12803E+02    0.16897E+01
    0.13061E+02    0.16175E+01
    0.13325E+02    0.15482E+01
    0.13594E+02    0.14817E+01
    0.13869E+02    0.14178E+01
    0.14149E+02    0.13566E+01
    0.14435E+02    0.12978E+01
    0.14727E+02    0.12415E+01
    0.15024E+02    0.11876E+01
    0.15328E+02    0.11359E+01
    0.15637E+02    0.10864E+01
    0.15953E+02    0.10389E+01
    0.16275E+02    0.99356E+00
    0.16604E+02    0.95012E+00
    0.16940E+02    0.90857E+00
    0.17282E+02    0.86882E+00
